2	-6.4143574565255586	-65.23946154927101	-34.77600994203408
5	-17.53351388220189	-82.58321184400579	-18.97727636013481
4	-4.816361708550298	-100.11197856765527	-20.553036148215227
10	-23.193255223132205	-46.50336770850743	-42.944636302858086
1	-11.063950738185325	-110.41092165590918	-28.3878810000742
9	-14.640985194217036	-103.71874812750394	-19.02608796376938
11	-3.486304538552388	-81.40625847815085	-12.907404251729375
7	-22.615656073560256	-62.74443571543797	-29.296969995160513
3	-1.6098471381807364	-87.10929600238073	-34.06305435968655
6	-19.84624620238373	-60.82322657162888	-37.99068719326946
8	-7.366789105058365	-95.99826178988327	-37.518671750972764
